bb1.jpg:[169.9419479  128.31162828  70.18429459  47.73314769  30.5832121  72.4785058    1.00000001   3.94966   ]
bb2.jpg:[171.41071038 169.01434675 167.4577844   94.64662019  78.64238382  68.65210099   0.99999993   3.36017168]
bb3.jpg:[168.03572777 158.78805763 140.93369101  85.96091601  56.34509231  65.15180328   1.00000004   4.65851568]
bb4.jpg:[144.05710491 134.92745436 123.93464946  59.56913349  47.4875531  46.55669903   1.00000003   5.34249675]
el1.jpg:[102.11997692 110.15687913  94.28556935  84.42855076  49.75784099  50.78364567   1.00000009   4.61631807]
el2.jpg:[ 95.00516642 125.59234973 138.90213612  55.78557818  57.31423671  52.9622312    1.0000001    5.99329706]
el3.jpg:[163.9677695  148.56222553 153.01164431  75.58911622  63.47743447  53.77723757   0.99999999   5.51925908]
el4.jpg:[ 59.63027778  92.17623016 104.50563492  30.56610991  37.87631676  48.1828405    1.0000001    3.64210593]
el6.jpg:[127.58211498 157.66839019 157.14614287  83.72980662  73.28643763  72.05373286   1.00000002   4.98703331]
obj.bmp:[47.55586164 54.93372206 43.14910337 28.21106402 34.10484421 32.30773047  0.99999993  3.19632921]
obj1.bmp:[119.37118084 114.87791672 110.66367524  21.15394731  24.84484959  28.08801492   1.00000012   2.61848654]
obj2.jpg:[ 68.0592329  131.95413207 108.49236853  62.8681962   36.63784632  36.78551483   1.00000004   5.037271  ]
obj3.png:[114.50528356 118.87605324 107.45026042  16.48893238  17.42655493  23.0278219    0.99999998   2.0053323 ]
obj4.jpg:[129.47330102 129.98838873 130.33661588  72.11042431  71.29829745  71.25519799   0.99999993   7.34736759]
obj5.bmp:[23.77695115 18.34050862 11.50775862 31.71152215 32.42966491 31.02679214  0.99999993  2.29197509]
